-1210.546	-353.693	-6252.209
-1245.581	-378.299	-6243.881
-1216.452	-413.045	-6247.421
-1176.880	-422.631	-6254.356
-1135.062	-424.780	-6261.935
-1086.935	-412.710	-6271.274
-1085.935	-371.214	-6274.040
-1130.957	-357.895	-6266.856
-1171.442	-357.533	-6259.435
-1177.832	-358.603	-6258.175
-1210.546	-353.693	-6252.209

3738.909	-406.036	5151.342
3803.642	-401.993	5104.051
3876.543	-461.485	5043.816
3911.636	-588.899	5003.292
3882.882	-683.056	5013.711
3801.313	-613.383	5084.723
3706.028	-632.719	5152.247
3649.979	-534.295	5203.154
3614.540	-480.496	5233.054
3617.442	-427.118	5235.677
3680.807	-364.925	5196.068
3738.909	-406.036	5151.342



-104.156	-1649.649	6160.231
-122.837	-1690.117	6148.906
-164.835	-1678.502	6151.105
-196.982	-1646.825	6158.717
-176.367	-1600.433	6171.559
-133.699	-1575.423	6179.061
-112.300	-1614.981	6169.267
-104.156	-1649.649	6160.231

-92.306	-1375.214	6227.431
-103.472	-1377.542	6226.741
-147.720	-1366.530	6228.275
-150.671	-1335.619	6234.906
-103.768	-1341.675	6234.563
-88.635	-1363.000	6230.169
-92.306	-1375.214	6227.431

-146.145	-1233.962	6255.926
-124.050	-1274.482	6248.275
-134.077	-1313.061	6240.074
-170.794	-1331.443	6235.280
-186.129	-1303.848	6240.671
-189.794	-1261.974	6249.163
-184.757	-1217.054	6258.217
-157.767	-1225.245	6257.357
-146.145	-1233.962	6255.926

55.388	-1715.138	6142.952
6.992	-1702.800	6146.630
-70.511	-1666.731	6156.108
-77.717	-1607.275	6171.812
-78.433	-1553.704	6185.506
-102.439	-1505.023	6197.180
-155.326	-1487.202	6200.382
-181.216	-1450.478	6208.374
-166.461	-1407.448	6218.683
-116.298	-1419.394	6217.108
-90.950	-1456.185	6209.017
-40.859	-1458.209	6209.073
-19.348	-1494.276	6200.596
-25.977	-1534.796	6190.667
4.838	-1559.440	6184.558
22.489	-1584.923	6178.037
59.969	-1588.692	6176.819
100.972	-1595.661	6174.488
143.074	-1568.969	6180.493
197.572	-1553.786	6182.827
242.722	-1555.056	6180.899
278.765	-1590.287	6170.406
292.825	-1633.001	6158.587
279.761	-1664.252	6150.823
239.590	-1693.793	6144.452
200.154	-1685.773	6148.068
116.663	-1710.157	6143.483
55.388	-1715.138	6142.952

-474.894	-1220.276	6242.278
-450.518	-1247.641	6238.674
-468.991	-1275.577	6231.660
-521.984	-1288.639	6224.755
-541.142	-1242.507	6232.493
-510.123	-1218.020	6239.938
-474.894	-1220.276	6242.278

-443.058	-1156.398	6256.762
-424.135	-1186.969	6252.347
-456.857	-1197.561	6248.021
-491.332	-1183.721	6248.042
-485.037	-1169.487	6251.214
-452.040	-1147.571	6257.745
-443.058	-1156.398	6256.762

2432.685	-5537.197	2025.371
2483.259	-5518.108	2016.071
2503.484	-5516.598	1995.079
2482.364	-5535.693	1968.402
2409.341	-5567.642	1969.028
2352.915	-5593.035	1965.293
2341.483	-5581.734	2010.558
2353.282	-5571.182	2025.987
2432.685	-5537.197	2025.371

1302.041	-5907.076	2022.812
1372.049	-5894.452	2013.344
1428.620	-5889.626	1987.959
1447.897	-5894.629	1958.971
1375.619	-5912.568	1956.998
1345.510	-5925.320	1939.283
1286.410	-5932.849	1956.294
1224.610	-5933.085	1994.861
1235.398	-5922.669	2019.012
1278.297	-5911.042	2026.369
1302.041	-5907.076	2022.812

788.773	-5809.569	2511.450
876.722	-5800.106	2504.148
956.253	-5788.025	2502.995
1053.651	-5786.113	2468.066
1096.733	-5794.030	2430.437
1190.068	-5770.678	2442.059
1227.786	-5772.959	2417.874
1318.715	-5779.326	2353.935
1385.712	-5782.497	2307.199
1418.781	-5773.902	2308.625
1480.839	-5766.744	2287.447
1476.270	-5779.442	2258.165
1550.926	-5761.536	2253.876
1631.145	-5755.918	2211.201
1621.658	-5767.938	2186.720
1555.864	-5791.034	2173.440
1488.195	-5810.734	2168.242
1417.506	-5825.295	2176.523
1272.287	-5862.503	2166.327
1336.013	-5826.380	2224.634
1292.339	-5825.830	2251.710
1226.171	-5837.426	2258.670
1188.658	-5833.490	2288.693
1160.007	-5815.760	2347.754
1102.884	-5828.485	2343.723
1006.010	-5834.789	2371.459
974.003	-5831.375	2393.119
840.182	-5845.593	2409.102
803.433	-5842.444	2429.192
840.133	-5826.520	2454.887
739.990	-5837.871	2460.145
669.220	-5868.619	2406.675
626.825	-5873.888	2405.237
613.183	-5885.572	2380.059
562.756	-5895.159	2368.762
518.372	-5895.285	2378.557
571.411	-5877.410	2410.430
592.099	-5859.988	2447.568
637.287	-5845.646	2470.408
688.375	-5831.354	2490.399
764.826	-5817.616	2500.203
788.773	-5809.569	2511.450

2252.172	-3289.241	4978.880
2251.804	-3355.342	4934.743
2253.892	-3443.768	4872.480
2276.936	-3393.951	4896.661
2326.927	-3382.093	4881.341
2322.815	-3420.794	4856.267
2388.828	-3403.394	4836.429
2404.181	-3367.277	4854.070
2477.893	-3345.815	4831.791
2496.072	-3408.703	4778.180
2528.945	-3366.541	4790.769
2563.048	-3396.177	4751.568
2612.541	-3423.014	4705.128
2630.432	-3499.482	4638.436
2604.516	-3522.559	4635.592
2554.970	-3539.810	4650.000
2529.038	-3476.056	4711.861
2505.992	-3479.824	4721.383
2475.315	-3588.277	4655.933
2436.233	-3611.521	4658.575
2458.729	-3549.693	4694.142
2387.856	-3573.787	4712.412
2323.074	-3622.068	4707.928
2197.792	-3696.507	4710.221
2175.469	-3681.375	4732.383
2200.255	-3632.565	4758.569
2161.044	-3629.739	4778.652
2187.560	-3554.688	4822.801
2178.125	-3400.435	4936.947
2187.789	-3335.491	4976.818
2221.211	-3277.137	5000.723
2249.848	-3262.189	4997.693
2252.172	-3289.241	4978.880

286.070	-2669.167	5785.702
341.370	-2697.519	5769.531
399.786	-2721.155	5754.661
410.994	-2767.682	5731.636
445.272	-2754.480	5735.434
485.253	-2781.363	5719.194
447.023	-2819.533	5703.599
367.181	-2806.871	5715.530
334.252	-2765.669	5737.594
291.804	-2823.927	5711.472
225.602	-2881.599	5685.606
204.136	-2824.863	5714.815
137.732	-2838.462	5710.061
177.634	-2786.750	5734.379
178.650	-2707.483	5772.197
188.115	-2614.000	5814.830
221.761	-2619.658	5811.097
234.142	-2663.280	5790.747
256.415	-2645.555	5797.924
286.070	-2669.167	5785.702

376.549	-1896.610	6077.970
398.910	-1848.879	6091.235
483.544	-1884.076	6074.296
542.400	-1920.463	6057.909
559.361	-1963.542	6042.537
615.417	-1921.663	6050.546
671.903	-1973.703	6027.742
769.455	-1982.343	6013.226
815.389	-2009.566	5998.118
886.668	-2085.724	5961.896
836.885	-2158.191	5943.271
951.874	-2183.934	5916.502
1021.640	-2177.239	5907.327
1118.185	-2235.393	5867.990
1182.330	-2209.847	5865.092
1203.770	-2279.601	5833.951
1185.143	-2421.151	5780.493
1114.729	-2406.850	5800.438
1009.631	-2346.730	5844.154
961.170	-2380.775	5838.552
977.610	-2436.953	5812.587
1045.077	-2472.798	5785.647
1122.427	-2489.615	5763.906
1151.443	-2505.739	5751.181
1222.158	-2581.925	5702.686
1236.737	-2653.861	5666.404
1167.231	-2655.882	5680.184
1021.063	-2630.168	5720.164
1118.611	-2683.288	5677.086
1191.153	-2717.167	5646.130
1212.747	-2745.197	5627.945
1067.350	-2762.851	5648.721
944.478	-2746.614	5678.442
871.412	-2719.900	5702.930
879.226	-2687.815	5716.926
794.241	-2660.548	5742.064
713.631	-2632.850	5765.368
721.996	-2660.781	5751.487
590.262	-2709.453	5743.787
543.355	-2684.086	5760.302
558.607	-2605.065	5795.017
643.290	-2583.604	5795.843
732.102	-2546.399	5801.768
707.442	-2515.775	5818.164
708.716	-2462.649	5840.695
734.422	-2350.899	5883.411
709.777	-2310.905	5902.251
684.066	-2281.790	5916.597
609.707	-2250.818	5936.557
521.746	-2236.606	5950.294
540.453	-2205.090	5960.379
485.354	-2151.475	5984.665
450.986	-2152.862	5986.855
414.493	-2123.918	5999.817
400.265	-2158.050	5988.593
333.820	-2182.917	5983.650
192.531	-2176.442	5992.217
110.491	-2151.396	6003.326
49.198	-2137.864	6008.972
17.847	-2101.466	6021.973
54.912	-2052.804	6038.511
4.008	-2053.074	6038.667
-6.968	-1946.036	6074.004
18.202	-1850.910	6103.641
50.207	-1806.747	6116.680
129.484	-1774.317	6125.003
110.817	-1844.693	6104.544
141.055	-1909.116	6084.079
164.132	-1821.148	6110.410
238.642	-1768.659	6123.359
309.490	-1869.495	6090.143
315.798	-1938.847	6068.095
376.549	-1896.610	6077.970

-136.913	-1738.228	6135.181
-73.781	-1745.788	6134.119
-15.779	-1773.308	6126.644
-65.335	-1867.237	6098.343
-105.327	-1886.106	6091.974
-146.524	-1962.887	6066.814
-185.203	-1955.650	6068.094
-196.684	-1860.778	6097.496
-190.627	-1808.145	6113.502
-169.783	-1764.621	6126.820
-136.913	-1738.228	6135.181

-343.526	-1864.692	6089.790
-365.380	-1789.506	6111.039
-319.049	-1745.840	6126.245
-286.227	-1774.308	6119.684
-229.118	-1768.943	6123.641
-224.927	-1800.697	6114.534
-261.397	-1847.393	6099.135
-217.722	-1899.132	6084.943
-234.844	-1993.126	6054.166
-297.718	-2026.017	6040.468
-330.307	-2012.034	6043.447
-347.570	-1968.189	6056.902
-414.857	-1874.395	6082.365
-406.887	-1838.386	6093.883
-343.526	-1864.692	6089.790

-477.294	-1484.865	6184.496
-448.898	-1474.822	6189.024
-423.134	-1487.297	6187.854
-432.869	-1539.465	6174.407
-463.534	-1583.778	6160.959
-561.906	-1569.343	6156.465
-648.027	-1586.116	6143.690
-690.872	-1570.586	6143.011
-680.209	-1537.054	6152.675
-606.403	-1516.561	6165.464
-729.659	-1475.563	6162.057
-756.502	-1440.288	6167.164
-675.230	-1363.467	6194.001
-639.757	-1347.029	6201.359
-586.871	-1410.521	6192.467
-565.577	-1487.781	6176.347
-522.630	-1512.071	6174.231
-524.033	-1401.796	6200.080
-488.329	-1372.818	6209.472
-467.505	-1393.296	6206.513
-475.417	-1445.019	6194.072
-477.294	-1484.865	6184.496

-830.274	-1285.624	6191.805
-749.939	-1240.371	6211.256
-670.814	-1205.020	6227.244
-639.018	-1223.883	6226.909
-602.487	-1224.492	6230.430
-642.428	-1297.810	6211.570
-676.941	-1322.514	6202.688
-700.903	-1315.967	6201.419
-766.289	-1332.655	6190.110
-811.862	-1324.839	6185.977
-830.274	-1285.624	6191.805

-894.415	-1457.389	6144.646
-868.977	-1498.476	6138.410
-804.093	-1540.992	6136.726
-791.733	-1582.128	6127.859
-781.314	-1637.264	6114.699
-829.164	-1643.752	6106.652
-935.235	-1672.035	6083.606
-1008.804	-1715.347	6059.747
-1032.172	-1755.081	6044.414
-1139.405	-1748.364	6027.073
-1129.897	-1699.344	6042.863
-1164.673	-1607.223	6061.436
-1126.555	-1579.372	6075.943
-1063.083	-1529.161	6100.177
-1000.667	-1486.906	6121.144
-988.366	-1415.855	6139.961
-894.415	-1457.389	6144.646

-3064.458	-737.533	5544.887
-3062.440	-782.062	5539.898
-3096.990	-796.372	5518.612
-3119.878	-766.733	5509.910
-3110.922	-726.892	5520.364
-3092.863	-688.204	5535.450
-3064.458	-737.533	5544.887

-3020.223	-1523.724	5407.139
-3008.023	-1561.557	5403.144
-3022.227	-1597.409	5384.706
-3085.693	-1571.811	5356.168
-3144.581	-1533.369	5333.012
-3136.424	-1494.895	5348.716
-3100.815	-1467.669	5376.944
-3047.188	-1501.862	5398.119
-3020.223	-1523.724	5407.139

-2540.440	-2752.084	5162.638
-2489.171	-2788.882	5167.862
-2571.808	-2851.327	5092.776
-2575.009	-2943.581	5038.382
-2595.321	-2925.460	5038.514
-2598.857	-2868.108	5069.569
-2589.677	-2821.190	5100.499
-2595.456	-2777.972	5121.241
-2577.420	-2740.869	5150.260
-2554.910	-2722.606	5171.120
-2540.440	-2752.084	5162.638

-2378.274	-3344.702	4882.357
-2372.411	-3398.146	4848.185
-2332.281	-3467.857	4818.202
-2332.795	-3523.133	4777.681
-2370.112	-3512.131	4767.403
-2447.679	-3411.957	4800.838
-2447.998	-3374.952	4826.763
-2482.687	-3312.645	4852.142
-2478.515	-3285.521	4872.673
-2527.691	-3228.399	4885.576
-2520.375	-3174.844	4924.297
-2503.229	-3163.003	4940.636
-2456.236	-3223.270	4925.248
-2429.361	-3259.831	4914.503
-2380.858	-3306.611	4906.982
-2378.274	-3344.702	4882.357

-2788.442	-405.216	5721.977
-2802.679	-438.164	5712.586
-2787.634	-466.935	5717.665
-2806.643	-510.939	5704.588
-2810.403	-562.113	5697.920
-2821.828	-560.173	5692.462
-2849.647	-526.636	5681.795
-2835.110	-485.095	5692.755
-2820.474	-463.317	5701.833
-2832.981	-420.710	5698.935
-2826.032	-407.685	5703.330
-2788.442	-405.216	5721.977

-316.265	-1141.013	6267.272
-280.481	-1165.663	6264.439
-232.663	-1216.758	6256.676
-225.464	-1270.859	6246.176
-224.460	-1317.166	6236.611
-259.526	-1298.338	6239.198
-288.793	-1255.917	6246.591
-336.304	-1239.846	6247.425
-307.404	-1213.919	6254.002
-325.957	-1181.801	6259.212
-316.265	-1141.013	6267.272







872.524	-991.797	-6239.846
881.300	-983.999	-6239.847
922.671	-977.844	-6234.832
931.536	-936.582	-6239.847
917.650	-883.717	-6249.608
876.148	-831.141	-6262.763
843.574	-796.960	-6271.672
803.522	-758.082	-6281.743
758.391	-755.235	-6287.694
717.415	-756.160	-6292.390
675.064	-759.980	-6296.614
633.114	-767.540	-6300.054
604.736	-798.213	-6299.030
607.730	-841.532	-6293.101
636.874	-876.196	-6285.483
687.651	-875.518	-6280.226
723.712	-893.433	-6273.647
763.534	-921.794	-6264.818
796.953	-946.886	-6256.909
832.035	-967.568	-6249.173
872.524	-991.797	-6239.846

434.075	-988.383	-6286.120
470.705	-966.701	-6286.856
501.646	-938.839	-6288.685
535.586	-971.775	-6280.878
563.496	-1000.458	-6273.929
558.693	-951.207	-6282.014
525.744	-905.711	-6291.575
496.453	-865.442	-6299.617
471.491	-896.361	-6297.211
433.430	-908.220	-6298.246
428.494	-950.853	-6292.289
430.262	-954.775	-6291.575
434.075	-988.383	-6286.120

567.437	-1967.972	-6040.342
594.516	-1972.906	-6036.127
632.914	-1956.588	-6037.534
659.697	-2004.234	-6019.010
674.005	-2040.654	-6005.171
699.620	-2120.642	-5974.449
736.408	-2159.948	-5955.918
776.517	-2163.165	-5949.653
783.035	-2119.598	-5964.461
778.126	-2080.022	-5979.018
776.914	-2030.125	-5996.301
772.305	-1983.473	-6012.488
764.394	-1935.706	-6029.044
750.831	-1890.003	-6045.227
729.847	-1853.784	-6058.997
706.706	-1820.517	-6071.813
664.236	-1820.963	-6076.472
621.886	-1813.890	-6083.066
580.814	-1829.643	-6082.408
609.339	-1864.110	-6069.137
566.750	-1862.311	-6073.815
526.393	-1859.001	-6078.459
509.652	-1895.943	-6068.467
518.966	-1938.516	-6054.210
567.437	-1967.972	-6040.342

-423.298	-1936.428	-6062.318
-405.874	-1959.207	-6056.187
-359.619	-1953.473	-6060.961
-308.800	-1953.756	-6063.671
-269.352	-1944.921	-6068.391
-233.545	-1962.081	-6064.349
-206.905	-1904.485	-6083.647
-233.936	-1909.733	-6081.022
-273.763	-1900.231	-6082.336
-315.301	-1897.997	-6081.022
-358.810	-1883.905	-6082.992
-396.491	-1897.584	-6076.397
-423.298	-1936.428	-6062.318

-967.474	-1511.533	-6120.449
-980.838	-1545.182	-6109.910
-938.657	-1549.204	-6115.515
-895.121	-1555.479	-6120.447
-871.545	-1590.319	-6114.894
-868.831	-1548.739	-6125.943
-880.404	-1510.731	-6133.776
-921.204	-1496.060	-6131.380
-967.474	-1511.533	-6120.449

-1099.788	-1444.561	-6114.274
-1095.124	-1476.820	-6107.400
-1054.627	-1475.286	-6114.894
-991.489	-1468.180	-6127.155
-1008.872	-1461.381	-6125.943
-1047.728	-1446.731	-6122.897
-1099.788	-1444.561	-6114.274


































3318.754	-244.383	5441.211
3315.180	-174.032	5446.093
3413.345	-243.104	5382.435
3404.267	-181.687	5390.602
3407.609	-116.572	5390.291
3483.292	-135.032	5341.261
3563.740	-194.191	5286.083
3572.544	-130.063	5282.106
3691.768	-71.852	5200.608
3706.926	-27.852	5190.236
4032.946	-55.435	4940.942
4053.162	-176.256	4921.529
4034.682	-208.361	4935.439
4072.152	-257.443	4902.237
4057.778	-322.383	4910.309
4086.017	-375.094	4883.073
4065.405	-411.269	4897.343
3984.398	-300.287	4971.422
3969.865	-236.886	4986.450
3947.352	-344.263	4998.052
3910.943	-360.556	5025.451
3889.698	-287.167	5046.624
3839.324	-320.374	5083.068
3782.192	-302.979	5126.778
3796.871	-205.105	5120.775
3745.373	-192.682	5159.040
3685.962	-233.839	5199.965
3664.250	-310.541	5211.283
3638.368	-323.597	5228.594
3599.595	-297.149	5256.924
3572.608	-315.578	5274.231
3612.682	-353.361	5244.454
3524.014	-348.327	5304.774
3473.722	-374.299	5336.084
3379.671	-342.509	5398.254
3307.534	-289.953	5445.804
3318.754	-244.383	5441.211

2466.529	-638.287	5847.175
2527.647	-664.985	5818.026
2607.403	-631.266	5786.500
2666.600	-710.018	5750.283
2692.791	-864.272	5716.865
2696.713	-910.492	5707.834
2661.287	-967.196	5715.130
2581.894	-1083.366	5730.687
2559.003	-1022.414	5752.113
2473.370	-1098.891	5775.423
2488.037	-1014.559	5784.546
2459.800	-1005.200	5798.240
2399.869	-1084.903	5808.980
2351.852	-1029.969	5838.543
2364.298	-961.721	5845.153
2454.202	-921.315	5814.525
2425.428	-837.834	5839.175
2470.649	-793.173	5826.440
2440.060	-707.417	5850.325
2466.529	-638.287	5847.175






1380.455	-6152.273	961.516
1436.000	-6140.092	958.022
1513.360	-6108.978	1034.776
1556.747	-6096.071	1046.465
1556.279	-6089.848	1082.768
1571.682	-6068.691	1175.345
1629.818	-6043.265	1226.079
1696.072	-6024.584	1228.154
1703.205	-6017.885	1250.915
1785.745	-5995.805	1241.803
1864.583	-5960.037	1296.890
1903.512	-5942.354	1321.249
1950.105	-5915.299	1373.667
1987.110	-5904.517	1367.006
2016.134	-5901.233	1338.389
1998.612	-5915.379	1301.719
1997.376	-5921.406	1275.958
1937.404	-5944.019	1263.226
1974.304	-5942.202	1213.668
1976.448	-5952.888	1156.466
1934.068	-5978.775	1092.820
1978.088	-5979.662	1005.705
2022.655	-5963.526	1012.845
2041.698	-5942.996	1092.200
2007.321	-5947.490	1130.778
1997.135	-5934.579	1213.615
2122.664	-5881.525	1258.010
2104.875	-5876.699	1309.405
2138.291	-5856.847	1343.757
2180.525	-5858.342	1267.190
2252.196	-5831.549	1265.419
2322.636	-5816.797	1204.518
2329.156	-5821.574	1168.305
2420.165	-5784.526	1167.343
2526.753	-5736.470	1178.587
2587.676	-5719.149	1129.558
2664.810	-5686.293	1116.016
2717.679	-5654.362	1150.237
2716.594	-5649.207	1177.799
2837.517	-5588.053	1184.396
2953.630	-5527.233	1185.916
2874.153	-5575.759	1153.595
2911.652	-5566.758	1101.873
2989.752	-5526.842	1093.634
3067.085	-5494.790	1039.666
3089.174	-5498.376	951.575
3138.871	-5469.725	954.060
3178.151	-5451.477	928.107
3243.407	-5419.700	887.577
3306.805	-5392.616	815.701
3313.150	-5397.023	758.821
3348.734	-5375.386	756.202
3402.195	-5349.069	702.254
3441.221	-5328.987	663.724
3553.173	-5257.757	641.547
3561.884	-5249.383	661.507
3635.123	-5197.912	669.497
3733.827	-5131.267	639.738
3764.896	-5110.026	627.552
3831.785	-5063.246	601.327
3929.741	-4997.998	507.721
3946.316	-4989.342	462.264
3977.579	-4964.828	458.242
3999.721	-4951.561	406.086
4053.998	-4919.445	211.642
4100.114	-4881.838	193.275
4103.613	-4881.335	116.455
4039.824	-4935.569	24.822
4066.585	-4913.598	-8.732
4216.184	-4785.784	-26.214
4218.248	-4782.054	-137.781
4282.047	-4726.575	-64.744
4384.449	-4631.011	-104.750
4515.784	-4500.944	-172.718
4552.462	-4460.843	-237.918
4537.828	-4472.031	-299.485
4628.749	-4380.066	-265.210
4772.788	-4218.547	-324.025
4881.319	-4092.817	-319.693
4981.147	-3962.238	-411.668
5060.844	-3844.628	-536.032
5109.839	-3774.590	-568.023
5165.279	-3697.676	-572.469
5185.911	-3663.057	-607.432
5195.160	-3623.658	-748.364
5198.854	-3603.885	-815.208
5152.292	-3624.883	-997.365
5110.334	-3663.629	-1069.083
4996.467	-3771.472	-1221.455
4934.187	-3811.319	-1344.724
4868.035	-3861.661	-1438.903
4850.755	-3882.559	-1441.021
4816.978	-3894.212	-1520.682
4780.516	-3854.952	-1722.396
4724.056	-3847.507	-1886.960
4699.790	-3842.261	-1956.946
4668.018	-3859.460	-1998.702
4618.941	-3843.009	-2139.463
4512.123	-3891.290	-2275.793
4468.841	-3877.146	-2382.821
4400.054	-3927.773	-2427.501
4364.852	-3928.515	-2489.069
4289.657	-4010.639	-2488.826
4165.969	-4115.066	-2528.155
4101.151	-4151.874	-2573.546
4010.127	-4221.672	-2603.267
3897.823	-4275.995	-2683.930
3802.865	-4297.670	-2783.681
3767.645	-4279.725	-2858.222
3761.609	-4247.950	-2913.048
3713.235	-4220.966	-3012.633
3679.483	-4216.156	-3060.403
3608.559	-4238.143	-3114.013
3463.571	-4231.186	-3283.501
3369.651	-4247.819	-3358.886
3302.118	-4265.680	-3403.031
3233.388	-4246.289	-3492.115
3163.194	-4255.157	-3545.204
3107.815	-4247.290	-3603.144
3003.269	-4278.910	-3654.030
2955.064	-4327.756	-3635.761
2910.266	-4349.816	-3645.557
2854.456	-4419.026	-3606.234
2800.876	-4450.792	-3609.180
2771.507	-4509.795	-3558.248
2749.068	-4485.270	-3606.329
2818.272	-4377.435	-3684.567
2783.722	-4346.490	-3746.938
2815.247	-4291.921	-3786.083
2793.660	-4267.256	-3829.702
2675.292	-4239.944	-3942.882
2545.696	-4275.848	-3989.635
2387.501	-4349.579	-4007.696
2306.942	-4400.785	-3998.968
2303.484	-4355.258	-4050.471
2263.138	-4316.230	-4114.486
2260.020	-4276.733	-4157.223
2203.392	-4277.380	-4186.850
2122.082	-4307.040	-4198.429
2060.849	-4366.087	-4167.832
2023.363	-4362.558	-4189.835
2002.939	-4291.123	-4272.603
2043.602	-4246.938	-4297.423
2094.514	-4248.366	-4271.419
2099.182	-4202.602	-4314.186
2021.241	-4214.654	-4339.574
1942.093	-4199.571	-4390.047
1898.841	-4133.853	-4470.604
1864.402	-4103.438	-4512.919
1796.405	-4133.414	-4513.142
1724.047	-4120.212	-4553.256
1680.532	-4073.349	-4611.320
1726.654	-3989.502	-4667.245
1786.173	-3945.103	-4682.562
1732.396	-3888.301	-4749.795
1633.655	-3879.899	-4791.470
1552.193	-3806.589	-4876.598
1479.148	-3799.450	-4904.787
1437.610	-3772.341	-4937.950
1426.268	-3680.103	-5010.313
1450.005	-3616.116	-5049.933
1424.988	-3630.832	-5046.494
1368.667	-3653.139	-5045.984
1330.477	-3644.129	-5062.686
1262.426	-3634.402	-5087.046
1225.037	-3559.045	-5149.089
1198.036	-3566.025	-5150.613
1136.334	-3616.740	-5129.188
1081.261	-3698.283	-5082.736
1013.851	-3769.728	-5043.995
1007.351	-3828.909	-5000.533
1039.479	-3873.071	-4959.782
1019.795	-3937.515	-4912.904
1046.855	-4079.600	-4789.738
1097.515	-4148.874	-4718.361
1191.101	-4188.765	-4660.060
1085.598	-4241.768	-4637.835
1174.688	-4291.626	-4569.757
1235.390	-4410.314	-4438.871
1312.811	-4359.335	-4466.918
1399.600	-4498.522	-4299.425
1352.503	-4533.672	-4277.521
1301.294	-4450.465	-4379.569
1255.137	-4474.868	-4368.160
1309.260	-4571.338	-4250.805
1374.355	-4692.965	-4094.858
1425.952	-4728.228	-4036.230
1421.483	-4800.557	-3951.540
1436.247	-4876.198	-3852.339
1472.700	-4867.596	-3849.454
1556.662	-4953.114	-3704.604
1647.885	-5030.330	-3558.215
1713.888	-5104.042	-3419.353
1720.900	-5194.009	-3277.408
1762.842	-5229.146	-3198.288
1773.368	-5296.934	-3078.683
1848.383	-5339.357	-2958.948
1897.073	-5424.763	-2766.531
1959.795	-5504.949	-2556.439
2022.256	-5583.755	-2326.542
2036.851	-5646.567	-2155.957
2033.516	-5702.136	-2007.757
1939.751	-5755.628	-1946.984
1935.413	-5771.630	-1903.444
1743.829	-5866.207	-1796.472
1567.846	-5949.986	-1679.333
1491.889	-5987.737	-1613.042
1453.866	-6020.350	-1523.906
1472.918	-6023.527	-1492.739
1390.986	-6076.380	-1350.330
1294.525	-6138.793	-1148.935
1199.997	-6194.777	-930.258
1157.068	-6210.262	-880.040
1124.863	-6227.141	-798.768
1041.754	-6250.391	-726.634
964.704	-6267.780	-681.844
1000.901	-6267.285	-632.429
949.299	-6285.066	-526.694
984.353	-6285.707	-448.958
1072.471	-6275.902	-378.804
1131.507	-6269.998	-295.727
1108.192	-6276.261	-247.156
1065.928	-6281.333	-298.801
1000.535	-6294.206	-250.064
1023.009	-6291.761	-218.705
1004.883	-6297.379	-117.709
1043.411	-6291.402	-100.925
1063.735	-6288.728	-31.582
1105.239	-6281.518	40.113
1097.518	-6282.417	85.539
1157.472	-6271.277	109.415
1232.460	-6256.041	153.709
1217.466	-6258.032	188.255
1258.142	-6249.725	196.604
1252.925	-6248.771	252.335
1278.144	-6241.903	292.618
1332.066	-6230.264	300.074
1377.026	-6216.718	369.931
1417.709	-6203.818	428.217
1377.374	-6211.020	454.644
1396.735	-6201.640	519.063
1370.340	-6198.209	620.493
1392.886	-6190.198	649.574
1373.598	-6183.977	743.160
1328.354	-6186.508	802.018

1019.103	-3715.668	-5082.900
1067.271	-3682.709	-5096.981
1139.167	-3598.557	-5141.334
1211.712	-3540.678	-5164.880
1257.239	-3568.490	-5134.770
1298.040	-3618.812	-5089.196
1368.995	-3631.689	-5061.356
1410.188	-3604.695	-5069.337
1419.071	-3556.933	-5100.499
1424.655	-3482.320	-5150.188
1481.661	-3399.471	-5189.307
1554.709	-3341.694	-5205.439
1509.521	-3312.341	-5237.401
1452.568	-3332.720	-5240.578
1435.467	-3375.181	-5218.066
1401.684	-3349.360	-5243.825
1340.795	-3343.529	-5263.432
1313.137	-3357.627	-5261.430
1281.004	-3377.967	-5256.329
1247.535	-3419.787	-5237.303
1189.100	-3454.511	-5228.100
1128.436	-3528.181	-5192.225
1079.334	-3594.236	-5157.241
1019.103	-3715.668	-5082.900






1328.354	-6186.508	802.018
1291.495	-6190.100	833.866
1266.710	-6186.915	893.402
1292.510	-6177.250	922.837
1264.958	-6181.820	930.384
1243.734	-6180.545	966.757
1189.048	-6186.447	997.331
1141.968	-6196.434	990.324
1121.087	-6206.238	952.052
1078.012	-6218.040	924.393
1054.420	-6222.654	920.548
1044.318	-6227.705	897.619
1097.555	-6226.890	837.759
1068.188	-6233.875	823.657
1052.815	-6238.628	807.296
1002.237	-6247.679	801.661
982.000	-6242.083	867.589
968.206	-6246.814	848.835
932.104	-6251.420	855.311
909.194	-6248.566	899.675
864.299	-6253.877	906.996
835.720	-6255.879	919.882
812.289	-6258.977	919.800
788.843	-6261.987	919.717
785.896	-6265.823	895.802
773.045	-6265.017	912.467
713.270	-6268.500	936.905
690.672	-6267.534	960.012
702.940	-6263.214	979.114
698.545	-6259.859	1003.410
667.796	-6258.942	1029.721
624.439	-6259.829	1051.308
586.597	-6261.110	1065.379
578.907	-6256.281	1097.470
549.957	-6255.427	1117.058
557.470	-6260.371	1085.180
536.045	-6266.729	1058.958
510.618	-6263.632	1089.408
475.343	-6264.515	1100.244
460.114	-6261.732	1122.336
460.296	-6255.650	1155.683
474.262	-6248.140	1190.150
458.755	-6247.825	1197.855
443.251	-6247.462	1205.561
467.931	-6241.551	1226.669
429.766	-6237.440	1261.061
378.326	-6231.720	1305.053
353.938	-6225.354	1341.761
307.761	-6220.345	1375.945
252.912	-6211.768	1424.995
264.783	-6207.401	1441.769
282.838	-6210.375	1425.441
290.964	-6208.234	1433.108
271.898	-6201.173	1467.022
255.416	-6200.758	1471.732
238.938	-6200.296	1476.439
227.145	-6206.758	1450.927
164.382	-6208.359	1452.546
125.330	-6206.832	1462.929
80.465	-6202.463	1484.458
20.305	-6201.339	1491.179
-10.333	-6195.732	1514.408
-65.764	-6190.752	1533.263
-133.148	-6189.186	1535.215
-182.387	-6182.575	1556.640
-239.990	-6169.228	1601.142
-359.964	-6132.165	1716.862
-414.479	-6118.869	1751.652
-500.973	-6104.332	1779.548
-560.664	-6101.400	1771.779
-647.347	-6104.380	1731.508
-701.363	-6101.399	1720.945
-775.497	-6084.375	1749.176
-854.199	-6067.926	1769.533
-950.831	-6038.996	1818.537
-1029.016	-6021.636	1833.482
-1144.955	-5985.320	1882.990
-1229.004	-5952.374	1933.758
-1253.342	-5938.018	1962.067
-1310.836	-5923.496	1968.385
-1413.808	-5888.487	2001.873
-1452.699	-5862.393	2050.034
-1557.046	-5814.219	2109.761
-1601.529	-5777.653	2175.882
-1620.474	-5752.918	2226.798
-1585.939	-5758.590	2236.978
-1593.282	-5744.933	2266.679
-1567.498	-5741.321	2293.646
-1563.330	-5727.997	2329.525
-1592.068	-5700.933	2375.987
-1596.544	-5682.394	2417.038
-1623.829	-5652.272	2468.934
-1697.855	-5584.801	2570.587
-1784.648	-5520.287	2649.924
-1822.242	-5477.253	2712.890
-1897.658	-5430.953	2753.955
-1911.153	-5413.714	2778.457
-1886.731	-5390.177	2840.224
-1930.684	-5362.253	2863.449
-1977.290	-5319.123	2911.682
-1987.767	-5276.893	2980.572
-2035.687	-5254.048	2988.577
-2078.558	-5207.410	3040.248
-2111.239	-5166.154	3087.742
-2108.756	-5148.888	3118.129
-2140.889	-5090.588	3191.104
-2155.349	-5037.591	3264.625
-2145.366	-5017.925	3301.282
-2199.230	-4969.428	3338.982
-2229.189	-4958.843	3334.849
-2271.726	-4921.777	3360.952
-2295.468	-4936.879	3322.452
-2292.780	-4968.580	3276.737
-2302.067	-5011.064	3204.739
-2281.475	-5045.633	3164.979
-2231.000	-5109.262	3098.179
-2221.336	-5127.297	3075.244
-2209.230	-5136.691	3068.279
-2204.586	-5158.587	3034.702
-2188.285	-5164.723	3036.063
-2183.264	-5203.544	2972.730
-2160.675	-5227.189	2947.645
-2148.087	-5251.943	2912.636
-2099.800	-5299.032	2862.120
-2085.671	-5353.700	2769.206
-2065.426	-5384.041	2725.207
-2047.111	-5414.661	2677.950
-2050.525	-5439.458	2624.552
-2005.197	-5457.942	2621.199
-1973.918	-5491.232	2575.006
-1945.723	-5522.378	2529.454
-1950.684	-5528.981	2511.141
-1996.667	-5529.533	2473.502
-2013.685	-5523.138	2473.996
-2029.863	-5488.883	2536.228
-2083.298	-5441.507	2594.320
-2143.453	-5394.323	2643.392
-2187.075	-5364.070	2669.098
-2170.952	-5333.323	2742.857
-2175.126	-5303.317	2797.192
-2213.272	-5271.012	2828.160
-2267.508	-5223.717	2872.597
-2282.120	-5224.378	2859.796
-2299.811	-5202.332	2885.697
-2350.613	-5166.131	2909.698
-2391.020	-5114.702	2967.066
-2382.859	-5114.192	2974.501
-2347.256	-5133.865	2968.914
-2305.978	-5131.194	3005.651
-2292.879	-5110.945	3049.850
-2345.150	-5044.851	3119.356
-2390.173	-5006.906	3146.204
-2407.230	-4960.277	3206.482
-2422.903	-4911.356	3269.366
-2441.780	-4850.398	3345.442
-2451.853	-4785.623	3430.287
-2451.765	-4751.034	3478.097
-2488.862	-4691.926	3531.576
-2523.474	-4665.004	3542.662
-2523.867	-4644.538	3569.172
-2567.708	-4616.864	3573.804
-2588.172	-4585.993	3598.703
-2659.047	-4538.079	3607.762
-2674.034	-4517.429	3622.569
-2665.760	-4481.749	3672.640
-2706.996	-4380.506	3763.506
-2720.445	-4262.446	3887.334
-2709.337	-4250.843	3907.743
-2729.689	-4210.881	3936.739
-2754.058	-4125.293	4009.708
-2731.910	-4070.854	4079.883
-2747.554	-4012.993	4126.434
-2698.362	-3973.674	4196.355
-2665.160	-3919.648	4267.776
-2654.353	-3857.369	4330.791
-2587.655	-3815.902	4407.217
-2540.172	-3763.051	4479.688
-2492.291	-3709.070	4551.035
-2443.595	-3611.939	4654.393
-2423.952	-3540.667	4718.979
-2420.096	-3496.730	4753.593
-2403.493	-3488.476	4768.059
-2330.097	-3571.635	4742.858
-2338.568	-3658.493	4671.955
-2311.209	-3650.328	4691.913
-2285.079	-3586.854	4753.264
-2269.197	-3515.712	4813.641
-2277.310	-3510.209	4813.826
-2347.031	-3363.107	4884.832
-2367.258	-3303.553	4915.614
-2448.820	-3198.802	4944.854
-2432.486	-3114.252	5006.504
-2391.690	-3077.761	5048.548
-2436.073	-2994.406	5077.373
-2399.735	-2931.357	5131.184
-2418.654	-2830.382	5178.772
-2389.336	-2793.986	5212.039
-2393.493	-2745.083	5236.062
-2415.912	-2686.232	5256.249
-2375.061	-2614.738	5310.637
-2381.400	-2506.038	5359.975
-2343.097	-2419.742	5416.214
-2378.990	-2375.819	5420.011
-2442.306	-2307.309	5421.448
-2468.782	-2238.554	5438.256
-2472.222	-2084.181	5497.721
-2492.576	-2031.065	5508.400
-2526.110	-1933.143	5528.323
-2578.729	-1876.385	5523.583
-2604.832	-1761.910	5548.978
-2606.104	-1685.037	5572.208
-2655.737	-1645.068	5560.705
-2706.788	-1690.202	5522.422
-2728.243	-1667.234	5518.845
-2778.680	-1621.918	5507.173
-2831.484	-1594.922	5488.128
-2879.695	-1549.493	5476.044
-2833.750	-1515.661	5509.380
-2738.544	-1492.500	5563.582
-2684.379	-1528.229	5580.256
-2670.345	-1503.366	5593.727
-2750.989	-1469.148	5563.658
-2825.471	-1465.941	5527.057
-2922.905	-1424.385	5487.111
-2945.910	-1482.443	5459.360
-3031.365	-1463.299	5417.584
-3094.162	-1422.666	5392.848
-3144.786	-1379.919	5374.642
-3188.736	-1382.791	5347.942
-3269.818	-1313.317	5316.401
-3317.414	-1311.226	5287.351
-3380.377	-1256.927	5260.591
-3388.542	-1213.960	5265.426
-3432.088	-1166.838	5247.846
-3481.857	-1115.371	5226.208
-3526.805	-1073.580	5204.777
-3582.361	-974.275	5186.338
-3570.307	-960.520	5197.205
-3510.495	-1016.682	5227.180
-3465.667	-1068.165	5246.790
-3397.461	-1116.754	5281.169
-3362.652	-1186.578	5288.217
-3316.656	-1202.541	5313.598
-3234.699	-1262.169	5350.167
-3212.340	-1267.895	5362.271
-3165.099	-1296.633	5383.449
-3095.054	-1278.833	5428.246
-3031.900	-1284.363	5462.474
-3083.916	-1233.808	5444.980
-3075.590	-1210.440	5454.926
-3119.158	-1193.673	5433.841
-3087.320	-1141.320	5463.193
-3124.744	-1138.470	5442.471
-3087.388	-1102.086	5471.204
-3142.288	-1060.245	5448.168
-3153.393	-1026.493	5448.216
-3100.911	-1004.258	5482.376
-3064.319	-1003.103	5503.123
-3042.716	-958.310	5523.057
-3081.405	-894.161	5512.354
-3050.582	-836.707	5538.457
-3037.883	-794.345	5551.659
-2984.700	-780.192	5582.428
-2954.534	-730.003	5605.217
-2894.874	-736.041	5635.475
-2830.971	-762.838	5664.302
-2777.140	-766.907	5690.341
-2759.063	-804.019	5694.010
-2764.437	-841.628	5685.964
-2706.611	-865.843	5710.097
-2703.561	-902.792	5705.818
-2662.101	-928.474	5721.170
-2621.907	-904.928	5743.461
-2613.497	-873.548	5752.145
-2565.360	-894.469	5770.571
-2575.885	-867.285	5770.031
-2612.398	-826.040	5759.658
-2637.937	-818.708	5749.055
-2627.712	-776.050	5759.645
-2656.956	-713.877	5754.268
-2650.906	-640.083	5765.728
-2616.045	-611.420	5784.730
-2571.366	-541.377	5811.680
-2515.953	-594.502	5830.710
-2442.936	-678.647	5852.532
-2432.946	-713.633	5852.532
-2483.529	-722.068	5830.209
-2451.489	-811.808	5831.964
-2402.474	-757.971	5859.542
-2380.753	-695.292	5876.157
-2339.718	-651.897	5897.574
-2307.765	-601.546	5915.488
-2289.723	-538.549	5928.555
-2231.587	-547.936	5949.825
-2210.304	-615.847	5951.128
-2150.840	-650.663	5969.184
-2099.545	-644.679	5988.066
-2040.430	-666.564	6006.078
-2017.468	-697.239	6010.350
-1949.752	-746.911	6026.709
-1944.046	-780.724	6024.266
-1870.867	-810.340	6043.495
-1868.891	-868.788	6035.983
-1900.574	-912.881	6019.560
-1875.166	-918.634	6026.649
-1852.840	-976.478	6024.459
-1875.251	-985.782	6016.004
-1863.825	-1044.220	6009.692
-1835.881	-1071.943	6013.411
-1823.213	-1156.450	6001.595
-1791.505	-1222.541	5998.044
-1786.049	-1254.324	5993.107
-1742.753	-1285.364	5999.274
-1732.914	-1350.373	5987.832
-1718.357	-1392.194	5982.447
-1691.137	-1463.849	5973.092
-1687.225	-1543.547	5954.105
-1665.787	-1580.575	5950.426
-1610.369	-1575.573	5966.985
-1553.922	-1586.003	5979.177
-1520.962	-1635.075	5974.432
-1447.355	-1639.892	5991.373
-1383.237	-1660.524	6000.829
-1390.572	-1710.627	5985.039
-1353.022	-1709.443	5993.978
-1315.873	-1675.895	6011.696
-1302.366	-1700.523	6007.720
-1306.405	-1814.289	5973.466
-1223.856	-1785.736	5999.496
-1264.289	-1854.097	5970.304
-1214.916	-1866.447	5976.704
-1186.136	-1848.768	5987.969
-1149.942	-1878.574	5985.752
-1121.261	-1946.559	5969.448
-1058.516	-2024.523	5954.954
-1017.381	-2065.186	5948.157
-979.073	-2076.224	5950.743
-951.221	-2146.760	5930.197
-1025.562	-2169.113	5909.637
-965.442	-2220.654	5900.614
-855.478	-2252.298	5905.586
-815.744	-2247.806	5912.915
-793.766	-2321.017	5887.567
-733.645	-2286.081	5908.996
-760.115	-2231.166	5926.614
-723.868	-2205.909	5940.590
-675.453	-2216.221	5942.454
-641.558	-2215.471	5946.488
-616.835	-2248.167	5936.825
-591.224	-2313.069	5914.457
-544.148	-2316.137	5917.774
-481.711	-2377.382	5898.868
-414.317	-2373.449	5905.566
-354.124	-2385.672	5904.557
-349.363	-2321.399	5930.403
-310.884	-2308.608	5937.534
-252.085	-2351.086	5923.637
-262.732	-2447.982	5883.790
-227.669	-2369.013	5917.481
-194.613	-2374.741	5916.364
-168.178	-2272.331	5957.253
-204.692	-2204.813	5981.432
-244.803	-2158.218	5996.899
-228.864	-2043.222	6037.673
-179.698	-1971.192	6063.229
-135.432	-1991.727	6057.666
-102.581	-2040.365	6042.104
-57.321	-2160.671	6000.737
-92.929	-2210.853	5981.983
-21.331	-2233.812	5974.133
-22.525	-2340.076	5933.310
30.941	-2258.597	5964.764
80.367	-2324.281	5939.014
70.536	-2401.320	5908.411
114.274	-2469.114	5879.715
154.456	-2392.415	5910.425
178.013	-2301.218	5945.867
171.283	-2187.084	5988.986
226.297	-2190.135	5986.045
284.694	-2198.807	5980.370
343.957	-2242.648	5960.944
354.184	-2293.235	5941.065
332.083	-2352.281	5919.217
369.394	-2402.580	5896.761
371.541	-2452.799	5875.914
295.807	-2535.103	5845.202
235.630	-2557.197	5838.309
187.179	-2530.408	5851.720
177.518	-2582.406	5829.262
138.482	-2670.424	5790.535
126.940	-2715.167	5769.955
73.759	-2785.107	5737.453
4.171	-2792.713	5734.228
-34.832	-2834.716	5713.476
-38.968	-2899.297	5680.950
-98.244	-2910.302	5674.603
-164.770	-2987.386	5632.851
-229.430	-3093.548	5572.966
-256.528	-3168.069	5529.753
-268.686	-3278.877	5464.193
-185.398	-3300.546	5454.599
-163.724	-3390.499	5399.846
-138.903	-3462.863	5354.429
-54.006	-3446.740	5366.349
58.462	-3487.124	5340.148
120.505	-3520.902	5316.894
166.509	-3562.802	5287.660
246.116	-3583.613	5270.463
315.691	-3616.952	5243.913
420.397	-3611.599	5240.253
490.066	-3611.716	5234.116
490.126	-3691.110	5178.428
522.533	-3777.818	5112.307
585.069	-3868.924	5036.840
699.851	-3934.071	4971.310
747.316	-3896.509	4993.933
766.246	-3800.812	5064.319
704.953	-3669.116	5169.261
651.319	-3630.628	5203.360
743.781	-3569.222	5233.362
799.861	-3491.142	5277.573
818.593	-3420.565	5320.740
799.292	-3361.112	5361.408
741.847	-3292.438	5412.038
657.680	-3237.484	5455.894
702.221	-3125.347	5515.408
659.880	-3045.047	5565.328
610.612	-2899.286	5648.179
640.829	-2869.416	5660.073
733.026	-2874.978	5646.043
787.021	-2870.605	5640.998
821.231	-2834.058	5654.584
876.997	-2852.238	5637.042
955.975	-2886.728	5606.563
983.356	-2917.553	5585.833
1076.247	-2892.461	5581.756
1103.124	-2969.435	5535.901
1163.248	-3076.478	5464.684
1217.628	-3071.391	5455.692
1277.643	-3107.452	5421.439
1334.495	-3025.958	5453.745
1340.594	-2907.330	5516.419
1354.823	-2851.134	5542.213
1431.410	-2909.619	5492.342
1553.250	-2984.065	5418.801
1664.510	-3052.491	5347.180
1670.644	-3115.561	5308.753
1768.187	-3121.258	5273.699
1843.484	-3138.328	5237.661
1942.614	-3105.826	5221.181
1992.945	-3108.292	5200.704
2056.078	-3158.460	5145.610
2105.456	-3140.125	5136.857
2146.404	-3153.163	5111.863
2206.520	-3232.624	5036.074
2183.632	-3287.770	5010.285
2158.893	-3340.582	4986.013
2077.927	-3427.667	4961.245
2037.483	-3533.737	4903.264
1938.917	-3604.527	4891.689
1795.112	-3658.217	4906.695
1698.426	-3703.419	4907.206
1633.578	-3738.942	4902.282
1602.395	-3818.719	4850.808
1530.738	-3888.221	4818.631
1470.141	-4029.030	4720.830
1413.367	-4129.182	4651.116
1469.907	-4095.203	4663.617
1544.700	-3951.754	4762.160
1660.573	-3828.636	4823.347
1756.432	-3776.356	4830.602
1832.510	-3785.836	4794.787
1793.387	-3866.252	4745.154
1852.432	-3936.359	4664.140
1901.128	-3980.823	4606.451
2008.923	-3972.391	4567.819
2117.139	-3902.648	4579.050
2140.467	-3786.058	4665.276
2174.013	-3834.526	4609.849
2231.705	-3834.896	4581.888
2173.624	-3927.767	4530.854
2041.275	-4050.643	4483.985
1984.561	-4113.790	4451.840
1927.130	-4202.253	4394.072
1868.990	-4222.270	4399.994
1839.692	-4163.604	4467.725
1936.958	-4047.364	4532.953
1824.207	-4102.253	4530.389
1748.034	-4145.728	4520.834
1770.619	-4164.173	4495.020
1706.863	-4231.549	4456.596
1640.276	-4286.475	4429.024
1568.746	-4337.437	4405.259
1543.658	-4394.586	4357.220
1536.267	-4415.254	4338.900
1548.613	-4453.266	4295.446
1587.435	-4481.535	4251.650
1620.484	-4471.662	4249.576
1603.079	-4449.065	4279.788
1632.048	-4456.161	4261.418
1633.079	-4478.340	4237.706
1584.180	-4508.567	4224.196
1545.860	-4520.333	4225.818
1491.870	-4551.957	4211.252
1457.894	-4566.808	4207.071
1412.543	-4584.828	4202.940
1351.633	-4625.220	4178.643
1465.543	-4575.947	4194.463
1493.473	-4581.471	4178.551
1387.345	-4637.491	4153.262
1335.742	-4652.766	4153.094
1335.688	-4643.513	4163.454
1316.453	-4669.880	4140.025
1341.334	-4666.241	4136.139
1337.772	-4720.789	4074.941
1291.852	-4789.823	4008.659
1280.964	-4774.091	4030.858
1261.718	-4775.423	4035.348
1229.946	-4765.471	4056.865
1256.849	-4797.646	4010.430
1280.820	-4804.171	3995.006
1288.853	-4829.188	3962.125
1268.556	-4862.218	3928.134
1233.919	-4927.080	3857.714
1225.444	-4926.440	3861.232
1240.616	-4874.968	3921.249
1190.854	-4860.323	3954.714
1167.259	-4806.514	4026.855
1158.124	-4839.831	3989.413
1186.508	-4878.104	3934.073
1127.755	-4880.957	3947.791
1191.551	-4888.538	3919.571
1210.506	-4950.199	3835.471
1236.402	-4948.561	3829.319
1250.984	-4968.649	3798.446
1279.329	-5029.087	3708.401
1234.676	-5089.231	3640.871
1146.692	-5129.012	3613.718
1095.375	-5177.753	3559.728
1050.995	-5191.005	3553.802
1009.386	-5222.356	3519.768
1000.202	-5245.017	3488.556
906.132	-5301.831	3427.849
858.424	-5338.424	3383.041
819.711	-5379.621	3326.917
811.279	-5422.194	3259.182
833.903	-5458.318	3192.492
873.058	-5499.838	3109.692
921.937	-5530.377	3040.657
926.224	-5552.750	2998.284
982.358	-5603.557	2883.705
985.053	-5637.135	2816.561
984.023	-5656.591	2777.645
964.276	-5689.686	2716.299
935.540	-5700.528	2703.585
885.664	-5702.687	2715.805
866.787	-5684.380	2759.916
827.464	-5678.994	2782.977
769.168	-5644.377	2868.801
718.393	-5611.937	2944.606
701.171	-5593.720	2983.167
716.735	-5556.524	3048.273
685.940	-5530.664	3101.914
605.599	-5493.879	3182.951
567.272	-5489.379	3197.741
472.681	-5523.581	3153.927
455.195	-5522.287	3158.761
406.499	-5500.114	3203.770
345.426	-5490.375	3227.553
237.352	-5503.180	3215.479
151.916	-5499.982	3226.104
78.750	-5505.394	3219.482
39.093	-5514.563	3204.480
56.579	-5529.219	3178.862
55.231	-5551.596	3139.644
75.952	-5562.145	3120.482
57.526	-5569.512	3107.710
21.426	-5561.747	3122.041
-15.038	-5572.075	3103.609
-85.574	-5569.752	3106.633
-157.318	-5539.285	3157.879
-241.926	-5543.102	3145.811
-311.551	-5526.852	3168.198
-371.795	-5527.008	3161.421
-453.985	-5533.752	3138.808
-545.757	-5565.799	3066.703
-644.840	-5578.263	3024.532
-701.072	-5596.681	2977.632
-726.509	-5616.842	2933.241
-731.974	-5651.339	2864.823
-730.079	-5675.581	2816.984
-713.321	-5694.457	2782.977
-757.370	-5731.098	2694.725
-779.335	-5761.855	2621.889
-794.764	-5820.020	2485.226
-807.420	-5839.447	2435.069
-792.822	-5864.574	2378.832
-763.648	-5888.645	2328.376
-747.002	-5921.999	2247.786
-681.611	-5958.773	2170.038
-659.662	-5982.683	2110.209
-620.636	-6004.865	2058.408
-510.051	-6024.768	2030.432
-467.706	-6042.911	1986.231
-374.547	-6039.620	2015.770
-293.963	-6040.512	2026.435
-214.773	-6037.454	2045.398
-148.283	-6033.302	2063.471
-81.101	-6019.730	2106.398
-55.863	-5998.260	2167.577
-47.011	-5965.909	2255.294
-28.956	-5954.439	2285.705
41.360	-5943.857	2312.896
150.807	-5932.672	2336.940
242.527	-5931.052	2333.332
305.120	-5924.701	2342.104
330.405	-5931.985	2320.134
327.954	-5951.444	2270.109
273.182	-5977.465	2208.146
249.335	-6001.654	2144.437
268.929	-6007.305	2126.170
253.889	-6023.843	2080.742
228.585	-6052.654	1998.439
201.506	-6044.592	2025.570
179.434	-6045.877	2023.811
179.978	-6051.025	2008.316
199.997	-6050.558	2007.830
198.547	-6060.074	1979.069
181.867	-6075.372	1933.240
191.307	-6080.281	1916.825
180.539	-6092.466	1878.801
187.347	-6095.389	1868.626
175.482	-6111.991	1814.773
154.741	-6120.892	1786.441
135.468	-6122.340	1783.041
114.490	-6133.437	1745.987
149.522	-6138.167	1726.610
158.642	-6133.425	1742.573
193.921	-6136.514	1728.070
201.324	-6137.220	1724.711
224.623	-6131.087	1743.544
255.220	-6129.453	1745.079
265.250	-6131.506	1736.349
281.784	-6129.259	1741.668
331.620	-6129.504	1732.004
381.010	-6125.841	1734.802
415.173	-6120.252	1746.648
427.461	-6115.973	1758.631
461.586	-6115.083	1753.093
487.288	-6115.168	1745.824
515.139	-6112.169	1748.330
536.103	-6107.701	1757.617
585.178	-6107.451	1742.769
602.161	-6106.474	1740.406
635.264	-6108.794	1720.380
666.802	-6112.156	1696.337
706.093	-6112.284	1679.894
735.113	-6116.914	1650.335
726.254	-6120.747	1640.014
721.555	-6127.690	1615.986
733.677	-6136.517	1576.548
710.060	-6148.620	1539.779
699.744	-6160.532	1496.273
697.535	-6172.179	1448.546
704.049	-6177.935	1420.588
708.012	-6188.524	1371.686
691.768	-6192.718	1361.005
682.753	-6203.765	1314.450
690.859	-6208.897	1285.668
669.290	-6216.968	1257.773
674.971	-6222.251	1228.264
692.006	-6223.898	1210.314
699.492	-6226.306	1193.504
720.800	-6231.899	1150.876
763.801	-6234.763	1106.782
815.909	-6236.298	1059.959
855.861	-6237.514	1020.563
854.139	-6241.516	997.274
897.697	-6236.189	992.330
907.768	-6233.301	1001.274
938.291	-6233.063	974.250
991.583	-6223.558	982.200
1037.040	-6211.694	1009.971
1102.192	-6196.814	1032.134
1138.095	-6184.760	1064.948
1197.846	-6174.574	1058.507
1194.173	-6177.126	1047.708
1254.351	-6165.823	1043.962
1302.842	-6158.947	1024.989
1339.034	-6156.600	991.916
1380.455	-6152.273	961.516

1884.070	-5701.028	2151.555
1894.479	-5690.804	2169.408
1914.814	-5683.192	2171.509
1971.890	-5664.632	2168.924
2033.624	-5653.055	2141.956
2059.283	-5642.758	2144.589
2081.706	-5648.555	2107.359
2135.289	-5627.733	2109.454
2135.981	-5639.117	2078.118
2180.180	-5623.580	2074.318
2233.199	-5616.901	2035.653
2201.946	-5644.588	1992.659
2152.307	-5655.562	2015.645
2107.440	-5674.006	2011.215
2074.257	-5684.440	2016.243
2058.529	-5696.947	1996.970
2021.027	-5712.633	1990.454
2003.041	-5709.976	2016.092
1971.694	-5726.199	2000.925
1939.133	-5762.087	1928.404
1911.531	-5765.640	1945.269
1903.347	-5757.990	1975.716
1834.691	-5774.055	1993.697
1787.780	-5791.273	1986.362
1725.294	-5807.575	1994.008
1679.605	-5827.689	1974.234
1622.154	-5832.706	2007.183
1628.053	-5819.237	2041.213
1722.722	-5797.060	2026.563
1799.762	-5776.573	2018.090
1833.634	-5757.634	2041.584
1783.058	-5757.159	2087.212
1779.658	-5743.506	2127.344
1714.647	-5757.183	2143.703
1734.258	-5740.441	2172.629
1795.787	-5723.246	2168.004
1884.070	-5701.028	2151.555




4154.554	-71.754	4838.922
4116.484	-138.967	4869.895
4212.550	-118.882	4787.580
4185.753	-241.042	4806.454
4197.387	-337.150	4790.502
4258.413	-334.513	4736.523
4297.478	-222.459	4707.741
4341.359	-168.730	4669.558
4428.470	-92.284	4589.201
4584.961	-110.791	4432.436
4629.898	-153.699	4384.182
4621.193	-284.064	4386.858
4620.593	-351.304	4382.617
4600.247	-435.814	4396.411
4589.255	-543.539	4395.900
4562.869	-639.498	4410.431
4600.137	-760.961	4352.046
4637.863	-733.274	4316.616
4689.848	-745.721	4257.917
4715.083	-746.019	4229.904
4743.765	-733.598	4199.899
4774.614	-736.477	4164.288
4814.806	-760.640	4113.357
4842.398	-771.146	4078.865
4862.311	-809.048	4047.716
4906.474	-823.401	3991.134
4935.811	-807.161	3958.143
4948.254	-769.568	3950.086
4991.122	-767.860	3896.116
5041.162	-789.322	3826.785
5040.784	-742.814	3836.581
5056.718	-697.685	3824.065
5044.261	-659.945	3847.147
5064.657	-578.853	3833.382
5105.461	-557.939	3782.010
5131.056	-527.205	3751.660
5140.774	-483.879	3744.187
5119.175	-447.439	3778.158
5100.445	-389.673	3809.757
5107.478	-304.852	3808.066
5111.965	-191.597	3809.427
5062.377	-127.115	3877.734
5050.095	-60.237	3895.324
5005.772	-40.812	3952.369
4934.897	-24.006	4040.649
5167.284	-11.495	3738.941
5177.463	-109.230	3723.248
5210.151	-197.414	3673.689
5207.819	-236.878	3674.662
5188.518	-330.076	3694.722
5186.765	-416.498	3688.445
5154.741	-468.562	3726.893
5147.985	-534.716	3727.327
5184.391	-567.265	3671.638
5242.442	-635.570	3576.798
5259.218	-706.792	3538.602
5273.761	-802.994	3496.181
5304.728	-868.748	3433.041
5333.581	-886.297	3383.493
5377.047	-930.200	3301.927
5450.483	-918.437	3182.662
5481.565	-1006.015	3101.776
5486.656	-1056.659	3075.826
5507.148	-1139.365	3008.954
5493.582	-1229.857	2998.107
5502.319	-1284.474	2958.926
5538.122	-1357.609	2857.749
5539.457	-1426.408	2821.419
5559.468	-1468.971	2759.542
5583.423	-1477.773	2705.958
5602.844	-1510.644	2647.022
5601.024	-1545.514	2630.693
5613.464	-1607.791	2566.059
5633.616	-1650.204	2493.957
5649.514	-1647.959	2459.240
5661.212	-1686.512	2405.615
5660.657	-1727.747	2377.495
5677.435	-1737.980	2329.546
5692.399	-1747.234	2285.694
5724.586	-1699.648	2240.745
5749.843	-1678.958	2191.127
5764.989	-1694.285	2138.908
5786.146	-1687.262	2086.695
5823.099	-1685.855	1982.434
5849.915	-1707.372	1882.553
5856.840	-1740.404	1830.041
5875.711	-1736.349	1772.498
5883.439	-1765.195	1717.515
5887.968	-1820.961	1642.123
5878.970	-1867.748	1621.684
5904.528	-1819.415	1583.322
5937.529	-1782.895	1499.223
5944.468	-1799.443	1451.185
5967.662	-1787.825	1367.964
5974.496	-1782.646	1344.693
5988.637	-1752.215	1321.592
5991.806	-1753.805	1305.014
6004.882	-1731.542	1274.279
6018.856	-1687.765	1267.066
6043.085	-1633.980	1221.422
6054.650	-1604.180	1203.516
6063.158	-1589.874	1179.427
6074.918	-1580.099	1131.056
6085.509	-1554.579	1109.275
6094.813	-1527.976	1095.070
6112.169	-1488.309	1052.119
6133.633	-1443.889	987.099
6148.596	-1433.541	905.734
6158.448	-1416.023	865.463
6178.701	-1361.652	806.343
6200.720	-1285.032	761.839
6207.655	-1256.056	753.640
6229.931	-1184.522	682.273
6252.988	-1092.830	621.684
6277.135	-994.739	537.305
6298.222	-882.255	484.414
6302.116	-853.441	485.392
6305.178	-832.213	482.475
6315.420	-722.764	523.179
6321.012	-645.910	555.193
6331.299	-514.956	574.549
6336.549	-444.075	575.829
6343.411	-366.990	554.150
6346.027	-316.604	555.279
6352.857	-217.929	523.776
6352.766	-117.945	555.952
6350.170	-56.264	593.971

-2366.470	-101.253	5922.010
-2289.498	-0.000	5953.052

-6128.995	-0.001	-1765.235
-6130.378	-22.115	-1760.287
-6115.421	-8.821	-1811.679
-6113.735	-0.001	-1817.381


-2289.499	-0.000	5953.052
-2366.470	-101.253	5922.010
-2461.348	-218.446	5880.024
-2525.072	-220.282	5852.873
-2547.571	-252.493	5841.811
-2474.615	-235.148	5873.808
-2475.826	-354.244	5867.319
-2556.295	-455.365	5825.687
-2607.475	-418.067	5805.767
-2628.759	-344.671	5800.988
-2726.616	-356.303	5754.932
-2749.765	-339.805	5744.907
-2751.970	-294.497	5746.352
-2720.777	-254.606	5763.088
-2696.656	-189.348	5776.922
-2653.656	-175.923	5797.223
-2639.815	-128.062	5804.792
-2654.967	-76.018	5798.793
-2620.111	-50.157	5814.906
-2582.137	-59.223	5831.783
-2606.967	-5.288	5821.024
-2654.550	-26.285	5799.423
-2697.564	-0.000	5779.600

-2022.154	-0.000	6049.093
-2017.724	-4.512	6050.570
-2017.657	-34.361	6050.497
-2046.302	-86.555	6040.347
-2060.823	-84.084	6035.443
-2087.232	-47.593	6026.759
-2094.171	-0.000	6024.540



1898.070	-3452.576	-5015.743
1996.113	-3457.369	-4974.210
2036.033	-3408.711	-4991.582
2089.748	-3416.849	-4963.741
2116.382	-3354.263	-4995.045
2082.605	-3339.345	-5019.179
1989.947	-3364.817	-5039.717
1978.885	-3406.900	-5015.743
1908.789	-3401.422	-5046.532
1898.070	-3452.576	-5015.743



2972.560	-5516.030	1190.769
3026.453	-5483.541	1204.984
3046.889	-5473.054	1201.157
3050.397	-5488.368	1119.609
2971.102	-5534.123	1107.552
2952.880	-5541.887	1117.417
2978.312	-5522.086	1147.543
2972.560	-5516.030	1190.769

-5446.823	-2493.504	2189.792
-5442.070	-2511.764	2180.721
-5439.542	-2529.308	2166.706
-5440.127	-2559.070	2129.980
-5443.063	-2557.660	2124.163
-5467.528	-2523.786	2101.732
-5486.732	-2495.579	2085.303
-5498.601	-2484.080	2067.695
-5504.586	-2458.096	2082.768
-5494.019	-2456.666	2112.150
-5488.710	-2435.303	2150.348
-5482.765	-2438.370	2162.006
-5469.715	-2452.443	2179.076
-5465.803	-2442.789	2199.637
-5460.054	-2446.853	2209.379
-5457.453	-2454.388	2207.446
-5446.823	-2493.504	2189.792

-5448.079	-2426.136	2261.178
-5455.933	-2420.100	2248.675
-5472.567	-2389.262	2241.219
-5472.130	-2369.507	2263.152
-5473.918	-2357.252	2271.611
-5472.005	-2355.423	2278.106
-5464.835	-2363.421	2287.018
-5453.532	-2398.804	2277.138
-5448.079	-2426.136	2261.178

-5464.776	-2346.922	2304.087
-5470.034	-2345.666	2292.861
-5490.660	-2293.955	2295.877
-5483.141	-2299.242	2308.523
-5464.776	-2346.922	2304.087

-5494.945	-2217.291	2360.050
-5494.153	-2226.298	2353.404
-5495.329	-2259.085	2319.165
-5499.623	-2254.772	2313.175
-5501.954	-2247.704	2314.511
-5514.189	-2213.709	2318.156
-5510.522	-2198.052	2341.654
-5510.494	-2193.711	2345.788
-5494.945	-2217.291	2360.050

-5525.906	-2080.829	2411.460
-5534.287	-2086.254	2387.434
-5542.449	-2076.238	2377.210
-5547.429	-2041.000	2396.034
-5542.720	-2044.953	2403.549
-5533.395	-2058.269	2413.649
-5525.906	-2080.829	2411.460

1180.970	-5648.486	2716.716
1211.015	-5644.074	2712.657
1253.817	-5674.349	2628.753
1260.028	-5699.935	2569.767
1236.081	-5707.457	2564.697
1205.354	-5687.364	2623.290
1165.484	-5682.062	2652.630
1180.970	-5648.486	2716.716

1088.329	-5588.551	2874.765
1133.334	-5575.496	2882.712
1197.800	-5563.546	2879.733
1203.458	-5575.635	2853.878
1098.704	-5605.318	2837.938
1088.329	-5588.551	2874.765

1201.492	-5552.430	2899.580
1283.017	-5557.355	2854.873
1274.040	-5595.299	2783.897
1254.712	-5593.268	2796.727
1250.671	-5567.785	2848.899
1202.911	-5558.058	2888.188
1201.492	-5552.430	2899.580

1904.563	-3907.504	4667.407
1945.915	-3931.125	4630.367
2000.440	-3915.824	4620.085
2062.514	-3880.998	4622.178
2044.333	-3927.781	4590.629
2021.278	-3945.563	4585.586
1918.570	-3958.661	4618.303
1889.595	-3942.584	4643.931
1904.563	-3907.504	4667.407


1768.422	-3710.761	4876.840
1787.670	-3693.567	4882.871
1881.690	-3670.554	4864.865
1963.600	-3667.565	4834.653
1972.779	-3680.188	4821.306
1942.135	-3698.152	4820.002
1846.230	-3717.457	4842.786
1768.422	-3710.761	4876.840

502.308	-2943.387	5636.026
516.959	-2910.837	5651.585
538.136	-2909.192	5650.455
554.800	-2926.624	5639.832
544.045	-2981.120	5612.270
519.597	-2977.021	5616.760
501.044	-2950.493	5632.422
502.308	-2943.387	5636.026

308.658	-2933.562	5655.049
341.320	-2884.004	5678.614
410.484	-2875.927	5678.131
412.120	-2895.075	5668.274
359.473	-2956.922	5639.860
322.762	-2958.868	5641.060
308.658	-2933.562	5655.049

624.299	-2365.546	5890.252
604.834	-2401.892	5877.561
558.886	-2418.274	5875.392
537.243	-2371.656	5896.376
541.623	-2311.339	5919.881
575.030	-2288.480	5925.608
613.506	-2308.077	5914.138
625.305	-2350.620	5896.118
624.299	-2365.546	5890.252

-252.937	-2200.398	5981.213
-223.839	-2263.483	5958.790
-252.368	-2297.127	5944.758
-302.162	-2259.364	5956.895
-335.911	-2266.081	5952.535
-381.865	-2211.362	5970.317
-342.846	-2185.021	5982.372
-309.679	-2144.183	5998.934
-273.623	-2178.974	5988.141
-252.937	-2200.398	5981.213

-528.031	-1780.027	6101.911
-504.531	-1831.384	6088.687
-510.770	-1936.631	6055.510
-518.866	-2011.411	6030.393
-471.213	-2076.506	6012.213
-415.038	-2139.015	5994.413
-427.927	-2183.318	5977.511
-492.157	-2178.346	5974.381
-476.263	-2222.836	5959.262
-497.529	-2257.206	5944.587
-564.551	-2224.552	5950.906
-623.349	-2179.618	5961.655
-669.304	-2172.562	5959.248
-751.596	-2182.793	5945.683
-853.081	-2161.892	5939.622
-923.663	-2143.362	5935.780
-924.084	-2089.748	5954.801
-961.523	-2041.491	5965.603
-998.165	-2036.794	5961.189
-1003.796	-1941.493	5991.964
-976.183	-1943.059	5996.017
-915.893	-1952.460	6002.472
-869.476	-1978.713	6000.778
-817.223	-1981.151	6007.314
-873.506	-1930.109	6016.004
-948.590	-1903.672	6013.056
-994.420	-1877.751	6013.802
-993.223	-1834.449	6027.349
-899.631	-1835.313	6041.765
-949.397	-1811.738	6041.265
-990.522	-1757.751	6050.604
-926.756	-1702.428	6076.471
-886.243	-1676.197	6089.792
-779.401	-1657.130	6109.590
-758.149	-1689.547	6103.382
-793.649	-1728.192	6088.030
-713.661	-1727.961	6097.989
-690.795	-1794.861	6081.275
-636.767	-1757.102	6098.176
-620.016	-1799.989	6087.385
-626.743	-1907.556	6053.846
-596.669	-1871.192	6068.217
-585.498	-1760.441	6102.350
-553.697	-1754.345	6107.072
-528.031	-1780.027	6101.911

334.722	-1855.814	6092.992
290.070	-1806.142	6110.184
285.279	-1767.991	6121.557
298.914	-1758.525	6123.632
371.282	-1756.454	6120.266
437.805	-1801.415	6102.775
447.580	-1829.301	6093.764
412.884	-1834.264	6094.722
377.874	-1839.502	6095.414
345.275	-1860.444	6090.991
334.722	-1855.814	6092.992




-220.628	-1462.809	6204.204
-216.559	-1449.029	6207.580
-203.960	-1501.494	6195.526
-210.573	-1556.528	6181.708
-234.309	-1634.070	6160.807
-283.105	-1637.516	6157.843
-310.529	-1615.033	6162.457
-298.102	-1553.439	6178.883
-344.213	-1552.376	6176.753
-327.776	-1470.543	6197.637
-300.782	-1479.746	6196.815
-255.383	-1450.796	6205.691
-220.628	-1462.809	6204.204



-109.159	-1035.725	6292.535
-93.516	-1003.606	6297.989
-74.971	-997.445	6299.215
-80.495	-971.725	6303.166
-40.763	-968.593	6304.030
-20.328	-1027.955	6294.722
40.982	-1071.670	6287.327
59.515	-1143.258	6274.556
86.139	-1177.021	6268.001
59.503	-1211.249	6261.786
21.798	-1294.616	6245.328
-18.286	-1302.505	6243.699
-64.674	-1287.057	6246.594
-85.733	-1241.246	6255.605
-82.679	-1201.736	6263.356
-64.493	-1173.672	6268.889
-101.988	-1171.850	6268.732
-120.656	-1133.473	6275.453
-127.384	-1082.784	6284.265
-109.159	-1035.725	6292.535

-24.907	-898.972	6314.417
-1.533	-878.293	6317.375
16.300	-874.558	6317.873
45.288	-855.634	6320.322
63.999	-813.190	6325.761
82.159	-817.357	6325.015
101.220	-846.345	6320.925
104.574	-785.838	6328.677
119.914	-765.757	6330.866
141.553	-749.624	6332.350
180.234	-736.554	6332.901
190.000	-746.421	6331.460
221.836	-718.035	6333.707
251.135	-715.758	6332.871
280.575	-712.282	6332.027
317.027	-706.319	6330.975
349.541	-706.621	6329.229
386.068	-721.524	6325.424
399.395	-747.808	6321.542
387.919	-807.261	6314.941
362.301	-843.417	6311.737
358.319	-871.831	6308.102
390.946	-857.072	6308.187
380.496	-934.241	6297.861
364.684	-973.822	6292.798
364.363	-1069.086	6277.334
330.883	-1098.902	6274.039
324.841	-1123.966	6269.913
267.674	-1150.965	6267.716
298.713	-1157.476	6265.114
289.378	-1179.956	6261.357
319.961	-1227.774	6250.666
308.384	-1269.234	6242.962
280.519	-1307.226	6236.433
278.277	-1351.190	6227.157
251.028	-1389.523	6219.875
258.844	-1413.062	6214.249
299.987	-1400.612	6215.217
306.072	-1426.373	6209.059
249.887	-1503.135	6193.446
177.549	-1483.334	6200.712
102.439	-1507.216	6196.647
62.713	-1496.291	6199.824
13.262	-1491.876	6201.190
9.648	-1439.928	6213.465
55.140	-1414.344	6219.101
40.596	-1336.359	6236.435
54.508	-1328.214	6238.069
120.516	-1370.985	6227.881
83.400	-1303.818	6242.895
45.720	-1284.763	6247.233
61.779	-1241.830	6255.771
98.081	-1213.387	6260.887
100.830	-1174.919	6268.176
69.234	-1134.345	6276.074
57.805	-1078.427	6286.039
109.645	-1079.147	6285.225
125.873	-1089.339	6283.162
149.822	-1045.926	6290.010
107.306	-1038.382	6292.128
44.027	-1049.987	6290.963
11.205	-1013.562	6297.079
-3.383	-969.158	6304.074
-22.365	-936.635	6308.950
-24.907	-898.972	6314.417

560.603	-596.226	6325.415
546.628	-517.037	6333.601
581.062	-485.801	6333.008
559.865	-447.289	6337.753
577.676	-405.815	6338.946
640.818	-327.930	6337.385
754.633	-287.343	6326.815
784.193	-327.903	6321.246
764.910	-381.662	6320.592
734.881	-457.423	6319.125
755.669	-461.198	6316.399
771.956	-407.982	6318.090
826.818	-382.823	6312.721
808.222	-341.461	6317.501
849.727	-344.550	6311.884
901.846	-385.966	6302.248
879.795	-331.107	6308.483
863.548	-243.842	6314.702
895.924	-203.059	6311.634
943.853	-204.216	6304.607
1002.023	-292.734	6292.129
1023.259	-309.915	6287.887
1022.210	-372.989	6284.632
1041.458	-332.980	6283.719
1110.011	-380.042	6269.296
1171.316	-419.507	6255.611
1285.711	-459.681	6230.271
1362.317	-455.107	6214.306
1353.612	-493.612	6213.269
1370.753	-544.919	6205.218
1441.511	-519.944	6191.311
1529.968	-544.766	6167.906
1528.854	-576.736	6165.275
1628.649	-572.669	6140.048
1612.380	-638.198	6137.880
1665.750	-620.630	6125.416
1697.405	-643.507	6114.356
1696.351	-691.309	6109.429
1679.320	-732.488	6109.335
1761.631	-722.968	6087.249
1805.509	-740.476	6072.270
1738.842	-784.326	6086.205
1757.522	-811.827	6077.227
1800.476	-780.739	6068.720
1877.717	-763.715	6047.442
1961.486	-782.695	6018.355
1954.737	-851.406	6011.218
1906.201	-860.964	6025.427
1832.579	-875.800	6046.094
1902.445	-895.278	6021.612
1933.341	-958.153	6002.064
1979.422	-870.035	6000.463
2005.061	-824.340	5998.402
2046.681	-955.656	5964.767
2071.500	-1089.748	5933.125
2043.894	-1212.307	5918.905
2020.553	-1251.656	5918.729
2031.035	-1309.467	5902.611
2088.259	-1419.284	5857.084
2091.068	-1539.013	5825.762
2075.702	-1566.641	5823.893
2058.292	-1629.923	5812.694
2034.956	-1696.197	5801.939
2056.753	-1767.151	5773.004
2109.730	-1813.553	5739.399
2142.990	-1875.300	5707.142
2147.011	-1989.504	5666.820
2217.795	-2026.308	5626.375
2261.112	-2098.670	5582.436
2311.072	-2183.822	5529.060
2260.844	-2244.136	5525.674
2147.621	-2244.504	5570.508
2067.676	-2317.689	5570.787
1993.230	-2311.876	5600.259
1904.405	-2261.585	5651.469
1758.585	-2221.429	5714.304
1698.873	-2185.456	5746.151
1638.337	-2117.972	5788.841
1531.210	-2081.569	5831.218
1499.313	-2011.601	5863.971
1454.529	-1999.719	5879.294
1416.315	-1878.176	5928.502
1441.152	-1810.178	5943.650
1426.301	-1766.398	5960.381
1381.318	-1697.968	5990.784
1369.958	-1754.323	5977.139
1362.660	-1779.575	5971.340
1343.432	-1812.651	5965.745
1284.638	-1813.243	5978.502
1241.531	-1756.726	6004.427
1220.955	-1702.826	6024.142
1247.455	-1681.619	6024.670
1323.997	-1657.957	6014.885
1233.561	-1643.509	6038.033
1186.518	-1633.355	6050.203
1166.469	-1665.890	6045.229
1127.378	-1661.048	6053.971
1102.511	-1558.180	6085.818
1063.386	-1537.234	6098.094
1000.909	-1490.634	6120.198
908.055	-1415.726	6152.381
854.627	-1399.927	6163.639
831.413	-1361.281	6175.459
736.415	-1343.341	6191.426
682.619	-1362.663	6193.368
620.106	-1396.996	6192.294
562.975	-1429.515	6190.329
521.947	-1408.351	6198.770
457.275	-1358.968	6214.880
506.696	-1304.766	6222.658
549.945	-1280.892	6223.946
443.662	-1291.630	6230.208
379.749	-1265.529	6239.780
370.521	-1224.087	6248.596
432.036	-1147.798	6259.116
482.870	-1069.972	6269.181
473.455	-1030.497	6276.508
409.675	-1015.153	6283.491
408.087	-968.494	6290.955
431.817	-873.302	6303.294
448.357	-851.626	6305.104
419.423	-810.920	6312.458
438.199	-767.700	6316.585
469.368	-728.524	6318.985
507.174	-701.521	6319.120
541.074	-719.160	6314.323
535.073	-646.577	6322.679
589.139	-654.394	6317.065
610.970	-646.079	6315.847
659.534	-648.643	6310.698
591.458	-632.062	6319.122
560.603	-596.226	6325.415

-514.471	-1725.759	6118.636
-472.849	-1733.197	6119.892
-455.698	-1762.054	6112.948
-501.350	-1822.624	6091.578
-529.058	-1736.973	6114.217
-514.471	-1725.759	6118.636


-587.669	-0.000	-6351.006
-586.775	-0.589	-6351.089
-651.173	-10.699	-6344.800
-615.826	-29.507	-6348.269
-654.177	-44.773	-6344.342
-651.911	-47.532	-6344.556
-604.596	-59.468	-6349.138
-648.930	-78.339	-6344.556
-654.865	-81.694	-6343.903
-669.043	-118.558	-6341.842
-641.632	-124.721	-6344.556
-627.621	-127.346	-6345.905
-588.090	-135.532	-6349.521
-553.488	-156.808	-6352.141
-513.846	-167.655	-6355.194
-477.197	-192.109	-6357.359
-494.571	-228.605	-6354.823
-457.268	-254.072	-6356.649
-416.510	-254.907	-6359.416
-431.313	-292.142	-6356.827
-440.968	-330.995	-6354.260
-481.297	-364.104	-6349.521
-508.798	-332.579	-6349.106
-549.311	-316.369	-6346.558
-591.821	-329.364	-6342.074
-627.955	-311.908	-6339.481
-671.563	-336.148	-6333.770
-709.892	-361.119	-6328.213
-744.048	-384.597	-6322.904
-785.751	-402.755	-6316.725
-824.411	-392.760	-6312.426
-864.863	-397.972	-6306.684
-907.008	-388.043	-6301.380
-883.916	-423.335	-6302.389
-881.364	-466.704	-6299.684
-837.334	-470.884	-6305.376
-849.961	-513.418	-6300.365
-869.275	-559.764	-6293.779
-891.813	-592.121	-6287.662
-933.190	-611.354	-6279.812
-972.251	-606.046	-6274.398
-1015.194	-597.234	-6268.439
-1041.630	-563.480	-6267.227
-1072.243	-537.166	-6264.374
-1099.538	-505.048	-6262.314
-1142.311	-509.171	-6254.319
-1185.054	-496.489	-6247.382
-1227.384	-494.606	-6239.353
-1344.861	-533.415	-6211.880
-1330.405	-540.885	-6214.346
-1290.421	-548.427	-6222.112
-1283.816	-589.692	-6219.703
-1280.345	-631.596	-6216.304
-1229.467	-628.602	-6226.869
-1220.929	-667.504	-6224.500
-1225.360	-707.407	-6219.220
-1235.032	-749.481	-6212.375
-1250.409	-793.151	-6203.871
-1237.906	-831.700	-6201.330
-1271.912	-853.288	-6191.508
-1310.657	-867.633	-6181.426
-1337.791	-895.495	-6171.632
-1332.787	-936.364	-6166.647
-1293.965	-929.054	-6176.014
-1285.552	-975.987	-6170.530
-1287.109	-1018.733	-6163.292
-1262.908	-1051.879	-6162.730
-1245.684	-1088.304	-6159.911
-1238.299	-1134.446	-6153.071
-1233.514	-1173.473	-6146.709
-1224.771	-1215.631	-6140.261
-1203.628	-1227.766	-6142.028
-1183.040	-1236.007	-6144.374
-1160.421	-1277.203	-6140.261
-1118.038	-1289.547	-6145.542
-1088.201	-1317.548	-6144.959
-1066.844	-1353.672	-6140.851
-1028.316	-1370.056	-6143.789
-986.292	-1387.740	-6146.709
-954.677	-1414.755	-6145.542
-917.457	-1436.678	-6146.126
-878.740	-1458.222	-6146.709
-845.682	-1482.485	-6145.542
-834.321	-1524.920	-6136.706
-809.557	-1557.148	-6131.928
-765.103	-1553.779	-6138.487
-740.528	-1586.509	-6133.126
-725.879	-1634.624	-6122.233
-694.133	-1611.915	-6131.928
-669.474	-1581.366	-6142.615
-638.028	-1555.745	-6152.496
-621.177	-1596.442	-6143.789
-574.047	-1571.517	-6154.790
-532.770	-1572.654	-6158.210
-492.044	-1554.947	-6166.090
-455.386	-1572.659	-6164.414
-425.203	-1600.720	-6159.345
-381.953	-1607.259	-6160.476
-340.868	-1601.387	-6164.414
-298.950	-1590.433	-6169.423
-292.403	-1638.775	-6157.073
-317.550	-1670.511	-6147.291
-339.194	-1704.823	-6136.706
-379.389	-1704.926	-6134.323
-405.306	-1739.869	-6122.844
-421.010	-1777.012	-6111.106
-450.681	-1851.396	-6086.859
-422.703	-1843.033	-6091.403
-379.128	-1846.110	-6093.338
-338.501	-1860.340	-6091.403
-297.629	-1850.432	-6096.552
-260.270	-1824.443	-6106.087
-241.511	-1789.065	-6117.316
-198.556	-1788.022	-6119.165
-159.457	-1806.632	-6114.841
-117.523	-1830.790	-6108.603
-78.604	-1845.415	-6104.826
-45.170	-1821.460	-6112.354
-2.835	-1830.379	-6109.856
25.792	-1911.533	-6084.900
51.261	-1863.082	-6099.748
87.930	-1842.905	-6105.457
128.950	-1850.953	-6102.293
152.008	-1807.274	-6114.841
192.910	-1799.162	-6116.080
229.394	-1782.219	-6119.780
263.088	-1754.268	-6126.496
293.486	-1789.752	-6114.841
312.053	-1824.777	-6103.560
336.056	-1777.994	-6116.080
380.688	-1779.670	-6112.977
407.049	-1750.210	-6119.780
419.479	-1710.631	-6130.123
461.855	-1710.531	-6127.104
499.176	-1724.017	-6120.394
537.767	-1740.851	-6112.354
579.151	-1742.944	-6107.975
626.113	-1739.957	-6104.192
669.867	-1739.247	-6099.748
708.102	-1748.801	-6092.694
738.816	-1772.194	-6082.279
763.840	-1811.264	-6067.661
776.955	-1852.967	-6053.386
782.592	-1895.418	-6039.501
786.428	-1938.434	-6025.333
791.079	-1980.930	-6010.885
795.825	-2018.816	-5997.639
808.742	-2057.765	-5982.656
827.270	-2094.388	-5967.394
858.948	-2123.435	-5952.635
889.725	-2156.979	-5936.031
911.182	-2191.976	-5919.934
920.615	-2236.202	-5901.906
931.297	-2275.395	-5885.227
968.579	-2309.973	-5865.707
1002.530	-2328.205	-5852.779
1044.142	-2351.454	-5836.186
1085.494	-2367.794	-5822.017
1131.383	-2379.285	-5808.580
1166.628	-2410.766	-5788.594
1201.946	-2424.295	-5775.704
1240.039	-2433.861	-5763.615
1283.401	-2417.969	-5760.811
1324.837	-2431.430	-5745.745
1364.263	-2432.068	-5736.241
1404.940	-2422.408	-5730.508
1448.513	-2426.299	-5717.999
1488.777	-2438.488	-5702.451
1528.209	-2427.802	-5696.577
1539.297	-2390.682	-5709.276
1505.924	-2372.565	-5725.711
1448.199	-2373.849	-5740.051
1419.187	-2366.139	-5750.472
1396.245	-2397.964	-5742.900
1356.854	-2409.201	-5747.637
1316.595	-2404.553	-5758.935
1274.052	-2398.374	-5771.068
1239.827	-2382.879	-5784.924
1215.913	-2350.637	-5803.162
1200.938	-2315.867	-5820.235
1204.053	-2275.988	-5835.303
1165.781	-2268.907	-5845.823
1124.860	-2280.558	-5849.306
1088.209	-2260.536	-5863.993
1051.335	-2242.495	-5877.631
1008.379	-2213.549	-5896.101
986.516	-2181.345	-5911.781
982.162	-2136.605	-5928.820
988.001	-2098.062	-5941.601
1007.311	-2061.740	-5951.066
1020.004	-2019.028	-5963.535
1015.797	-1975.335	-5978.866
1005.298	-1936.975	-5993.174
996.122	-1895.462	-6007.961
995.120	-1856.409	-6020.308
985.946	-1816.863	-6033.867
943.699	-1729.128	-6066.315
933.474	-1689.729	-6078.986
915.604	-1652.043	-6092.049
904.206	-1610.635	-6104.826
872.834	-1563.505	-6121.621
836.744	-1533.156	-6134.323
804.201	-1510.152	-6144.374
762.272	-1515.292	-6148.452
733.575	-1487.262	-6158.778
702.265	-1462.648	-6168.315
647.122	-1444.020	-6178.727
606.828	-1443.080	-6183.034
566.565	-1434.365	-6188.880
524.535	-1425.468	-6194.638
489.716	-1390.679	-6205.387
449.250	-1399.818	-6206.393
407.149	-1417.053	-6205.387
365.643	-1419.558	-6207.398
323.759	-1429.693	-6207.398
321.962	-1386.508	-6217.280
353.989	-1358.916	-6221.629
372.324	-1323.068	-6228.282
375.979	-1282.101	-6236.625
341.958	-1256.236	-6243.842
306.512	-1276.333	-6241.607
268.763	-1256.432	-6247.382
258.126	-1212.789	-6256.448
248.411	-1171.073	-6264.783
264.085	-1130.246	-6271.637
258.906	-1089.576	-6279.046
272.732	-1044.053	-6286.191
306.122	-1016.800	-6289.121
328.357	-978.117	-6294.132
340.883	-937.238	-6299.684
357.690	-893.910	-6305.047
389.047	-861.816	-6307.658
411.913	-817.434	-6312.112
420.607	-776.341	-6316.725
427.048	-730.553	-6321.752
412.511	-678.784	-6328.485
396.630	-640.260	-6333.513
431.335	-664.403	-6328.756
468.680	-678.450	-6324.609
509.621	-691.732	-6320.002
551.814	-694.811	-6316.120
592.687	-700.391	-6311.799
623.989	-675.593	-6311.485
641.561	-637.670	-6313.668
644.593	-597.075	-6317.328
686.501	-621.652	-6310.539
725.893	-625.943	-6305.704
754.474	-594.668	-6305.376
793.675	-582.302	-6301.717
831.912	-569.332	-6297.969
864.730	-546.877	-6295.538
901.966	-522.790	-6292.359
940.316	-511.609	-6287.662
967.704	-542.049	-6280.952
997.171	-568.449	-6274.006
1032.564	-588.625	-6266.415
1008.408	-620.979	-6267.227
971.205	-647.256	-6270.443
948.516	-680.071	-6270.443
978.227	-708.486	-6262.727
1045.866	-753.665	-6246.502
1070.928	-759.005	-6241.607
1110.785	-746.326	-6236.168
1153.881	-726.985	-6230.625
1196.412	-718.821	-6223.546
1239.071	-709.155	-6216.304
1287.270	-710.107	-6206.393
1320.825	-687.923	-6201.840
1350.008	-663.126	-6198.256
1365.495	-650.571	-6196.193
1386.441	-615.184	-6195.156
1415.456	-585.103	-6191.508
1447.458	-562.150	-6186.233
1482.888	-540.031	-6179.809
1516.932	-519.763	-6173.281
1561.288	-492.961	-6164.414
1603.003	-479.143	-6154.790
1641.024	-461.317	-6146.126
1683.853	-464.054	-6134.323
1699.128	-502.186	-6127.104
1744.418	-503.922	-6114.221
1782.384	-492.519	-6104.192
1811.224	-465.340	-6097.832
1844.136	-436.342	-6090.107
1884.133	-410.584	-6079.646
1930.271	-393.071	-6066.315
1982.370	-386.067	-6049.941
2015.574	-366.138	-6040.202
2016.648	-323.051	-6042.301
1984.568	-300.541	-6054.073
1986.299	-258.561	-6055.443
2025.452	-262.250	-6042.301
2068.689	-249.175	-6028.190
2062.749	-209.198	-6031.744
2024.601	-196.244	-6045.090
2022.070	-153.519	-6047.172
2043.592	-108.852	-6040.903
2057.875	-64.509	-6036.690
2052.553	-23.626	-6038.800
2009.249	-8.018	-6053.386
